0 1 0,4 0,5 0 1 0 0,5 2,284 1,59933 1,16522
0 0,09 0,3 0,6 0,01 0,9 0,12 0,6 1,5097 1,05679 0,76995
0,22 0,08 0,2 0,07 0,02 0,8 0,22 0,7 1,55233 1,08663 0,79169
0,33 0,07 0,1 0,08 0,03 0,7 0,32 0,8 1,60862 1,12604 0,8204
0,44 0,06 0 0,09 0,04 0,6 0,42 0,9 1,67857 1,175 0,85607
0,55 0,5 0,5 0,1 0,05 0,05 0,52 1 1,91218 1,33853 0,97521
0,66 0,04 0,6 0,09 0,06 0,4 0,62 0,4 1,84825 1,29378 0,94261
0,77 0,03 0,7 0,08 0,07 0,3 0,72 0,3 1,94798 1,36359 0,99347
0,88 0,02 0,8 0,07 0,08 0,2 0,82 0,2 2,06137 1,44296 1,0513
0,99 0,01 0,9 0,06 0,09 0,1 0,92 0,1 2,18842 1,53191 1,1161
1 0 1 0,05 1 0 1 0 2,44475 1,71133 1,24682
2 1,5 0,25 0,04 1,8 1,1 2 1,2 5,32518 3,72763 2,71584
1,2 0,13 0,45 0,03 1,4 1,5 1,6 1,7 4,58537 3,20976 2,33854
1 0,6 0 0,02 0,7 0,4 0,3 0,5 2,26572 1,586 1,15552
0,8 0,1 0,45 0,01 0 0,7 1 0,7 2,4833 1,73833 1,2665
1,3 1,8 1,5 0 1,9 0,4 1,5 1,7 5,7822 4,04754 2,94892
1,1 0,19 1,9 0,15 2 0,3 1,6 1,8 4,55915 3,19141 2,32517
0,9 2 2,3 0 0,21 0,2 1,7 1,9 6,0362 4,22534 3,07846
0,7 2,1 0,27 0,11 0,22 0,1 1,8 2 5,75073 4,02551 2,93287
0,5 2,2 0,31 0 0,23 0 1,9 0,21 5,4221 3,79547 2,76527
0,3 1,3 0,7 0,12 0,14 0,95 1 1,2 3,71637 2,60146 1,89535
0,2 1,4 0,8 0,14 1,5 0,84 0,11 1,3 3,33138 2,33196 1,6990
0,1 1,5 0,9 0,16 1,6 0,73 0,12 1,4 3,41644 2,39151 1,74239
0 1,6 1 0 1,7 0,62 0,13 1,5 3,49744 2,44821 1,7837
1,5 1,7 1,1 0,13 1,8 0,51 0,14 1,6 4,23661 2,96563 2,16067